0.116667
0.233333
0.316667
0.4
0.566667
0.816667
0.9
1.31667
1.4
1.56667
1.65
1.73333
1.81667
1.9
1.98333
2.06667
2.81667
2.9
3.06667
3.23333
3.31667
3.4
3.56667
3.73333
3.81667
3.9
4.06667
4.61667
4.73333
4.81667
4.9
6.9
8.28333
8.4
8.51667
9.15
9.23333
9.31667
9.4
10.4
10.5667
10.65
10.7333
10.8167
10.9
12.0667
12.2333
12.3333
15.2333
15.4
15.5667
15.7333
20.9
21.0667
21.2833
21.4
21.5667
21.7333
24.0667
24.5667
24.9
27.7333
27.9
28.0667
28.2333
32.4
32.5667
32.7333
32.9
33.0667
33.2333
34.4
34.5667
34.7333
34.9
35.0667
35.7333
35.9
36.0667
37.5667
37.65
37.7333
41.7333
41.9
41.9833
42.0667
42.2333
42.3167
42.4
43.9
43.9833
44.2333
44.3167
44.5667
45.7333
45.9
46.5667
46.65
46.7333
46.9
51.65
51.7333
51.8167
51.9
51.9833
52.0667
52.15
52.2333
55.7333
55.9
56.0667
56.2333
59.9833
60.0667
60.15
60.2333
60.3167
60.4
60.4833
64.4833
64.5667
64.65
64.7333
64.9
64.9833
68.45
68.5667
68.6833
68.7333
68.9
68.9833
69.0667
69.95
70.0667
70.2333
70.2667
71.2333
71.3333
71.4
71.45
71.5833
71.65
71.6833
71.7333
71.8167
71.9
71.9333
73.25
73.4
73.4833
73.55
73.6167
75.0667
75.15
75.2333
75.4
76.3833
